fun1(3.141593) = 3.141593
fun1(3.141593) = 3.141593
fun2(3.141593) = 9.869604
fun2(3.141593) = 9.869604
