fun1(3.141593) = 3.141593
fun1(3.141593) = 3.141593
fun2(3.141593) = 9.869604
fun2(3.141593) = 9.869604
now via func_invoker 1st time
fa[0](3.141593) = 3.141593
fa[1](3.141593) = 9.869604
now via func_invoker 2nd time
fa[0](3.141593) = 3.141593
fa[1](3.141593) = 9.869604
